0,464
0,386
29,35
10,21
10,35
10,221
10,123
10,249
10,231
10,95
10,285
11,7
11,11
11,13
11,29
11,27
8,11
8,14
26,4
26,3
26,2
26,1
26,0
24,3
24,2
24,1
24,0
20,3
20,2
20,1
19,3
19,2
19,1
18,3
18,1
14,3
14,1
13,3
13,1
12,3
12,2
12,1
11,24
11,23
11,21
11,19
11,18
11,17
11,16
11,15
11,14
11,12
11,10
11,9
11,8
11,6
11,5
2,2
11,4
2,1
11,3
2,3
11,2
11,1
10,308
10,298
10,264
10,251
10,245
10,242
10,184
10,159
10,147
10,127
10,111
10,31
10,28
10,17
10,16
10,14
10,10
10,8
10,4
10,3
10,2
10,1
9,7
9,6
9,5
9,4
9,3
9,2
9,1
8,18
